105.600403  1483.67102  
  107.134209  1428.15247  
  108.668015  1307.31812  
  110.201813  1228.93896  
  111.654892  1251.79956  
  113.107971  1176.68628  
  114.641777  1013.39655 
  116.175583  1036.25708  
  117.628654  974.20697  
  119.16246  869.701538  
  120.454086  817.448792  
  121.987892  840.309387  
  123.521698  820.7146  
  125.136223  820.7146  
  126.508575  745.601318  
  128.042389  670.488037  
  129.414734  611.703735  
  131.109985  575.779968  
  132.563065  549.653625  
  134.016144  598.640503  
  135.469223  536.590393  
  137.164474  559.450989  
  138.577194  446.781036 
  139.989914  445.148163  
  141.523712  425.553375  
  143.057526  376.566437  
  144.51059  399.427032  
  146.044403  350.440094  
  147.497482  314.516357  
  148.950562  347.174286  
  150.48436  324.313721  
  152.098892  324.313721  
  153.471237  324.313721  
  154.924316  288.389984  